6.0,2019-08-16 12:28:15.027,0.0106964111328125,0.11712646484375,-0.9874114990234376,0.04282
6.0,2019-08-16 12:28:15.126,0.0203094482421875,0.117584228515625,-0.99542236328125,0.09996100000000001
6.0,2019-08-16 12:28:15.226,0.0145721435546875,0.1184844970703125,-0.9971160888671876,0.03311
6.0,2019-08-16 12:28:15.326,0.019622802734375,0.120574951171875,-0.9893951416015624,0.070753
6.0,2019-08-16 12:28:15.425,0.0182952880859375,0.1151123046875,-0.9875640869140624,0.032662000000000004
6.0,2019-08-16 12:28:15.525,0.0158538818359375,0.1151275634765625,-0.993133544921875,0.045831000000000004
6.0,2019-08-16 12:28:15.625,0.0218505859375,0.1201629638671875,-0.9904937744140624,0.023808000000000003
6.0,2019-08-16 12:28:15.726,0.019073486328125,0.1210784912109375,-0.99017333984375,0.043394999999999996
6.0,2019-08-16 12:28:15.825,0.0060272216796875,0.105804443359375,-1.0039825439453125,0.020204
6.0,2019-08-16 12:28:15.924,0.01898193359375,0.129241943359375,-0.9919891357421876,0.064175
6.0,2019-08-16 12:28:16.025,0.0003662109375,0.1096343994140625,-0.9945831298828124,0.031778
6.0,2019-08-16 12:28:16.124,0.008941650390625,0.1094512939453125,-0.975616455078125,0.080843
6.0,2019-08-16 12:28:16.225,-0.0045013427734375,0.1083526611328125,-0.9935760498046876,0.061016999999999995
6.0,2019-08-16 12:28:16.324,-0.00238037109375,0.108551025390625,-1.00360107421875,0.091798
6.0,2019-08-16 12:28:16.424,-0.0236358642578125,0.0869598388671875,-0.9980926513671876,0.08527
6.0,2019-08-16 12:28:16.524,-0.0330810546875,0.0804443359375,-1.0113983154296875,0.088321
6.0,2019-08-16 12:28:16.623,0.0037994384765625,0.1109619140625,-0.9945068359375,0.09652999999999999
6.0,2019-08-16 12:28:16.723,0.03399658203125,0.1618194580078125,-0.988067626953125,0.069352
6.0,2019-08-16 12:28:16.823,0.0210113525390625,0.157684326171875,-0.99041748046875,0.09063600000000001
6.0,2019-08-16 12:28:16.923,-0.0162353515625,0.1391448974609375,-0.979156494140625,0.039656
6.0,2019-08-16 12:28:17.023,-0.011810302734375,0.11907958984375,-1.0181427001953125,0.07272999999999999
6.0,2019-08-16 12:28:17.122,-0.0126953125,0.11297607421875,-1.0035552978515625,0.014837999999999999
6.0,2019-08-16 12:28:17.222,-0.0081634521484375,0.08465576171875,-0.9887847900390624,0.049172
6.0,2019-08-16 12:28:17.322,0.007080078125,0.015716552734375,-0.9834442138671876,0.025653
6.0,2019-08-16 12:28:17.422,-0.0238189697265625,0.0560455322265625,-0.9810028076171876,0.033423
6.0,2019-08-16 12:28:17.522,-0.03955078125,0.0883331298828125,-0.99737548828125,0.033102
6.0,2019-08-16 12:28:17.622,-0.033966064453125,0.092559814453125,-1.00238037109375,0.020151
6.0,2019-08-16 12:28:17.721,-0.01629638671875,0.1295013427734375,-0.989166259765625,0.031734
6.0,2019-08-16 12:28:17.821,0.021392822265625,0.14080810546875,-0.9976348876953124,0.023522
6.0,2019-08-16 12:28:17.922,0.0133209228515625,0.1185302734375,-0.995361328125,0.029067000000000003
6.0,2019-08-16 12:28:18.021,0.00616455078125,0.10137939453125,-0.9919586181640624,0.024572
6.0,2019-08-16 12:28:18.121,0.0081024169921875,0.094635009765625,-0.985809326171875,0.026985000000000002
6.0,2019-08-16 12:28:18.221,0.004669189453125,0.0914459228515625,-0.98956298828125,0.024512
6.0,2019-08-16 12:28:18.320,-0.0236053466796875,0.0973663330078125,-0.9843597412109376,0.026156
6.0,2019-08-16 12:28:18.421,-0.048370361328125,0.09490966796875,-1.0010528564453125,0.023371
6.0,2019-08-16 12:28:18.520,-0.073944091796875,0.0932769775390625,-1.003173828125,0.025692000000000003
6.0,2019-08-16 12:28:18.621,-0.0680999755859375,0.11114501953125,-0.995849609375,0.024301
6.0,2019-08-16 12:28:18.720,-0.0427703857421875,0.099273681640625,-0.9850921630859376,0.024513
6.0,2019-08-16 12:28:18.820,-0.0133056640625,0.1238555908203125,-0.99432373046875,0.026575
6.0,2019-08-16 12:28:18.920,-0.00213623046875,0.1149444580078125,-0.9969024658203124,0.022746000000000002
6.0,2019-08-16 12:28:19.020,-0.00311279296875,0.1070709228515625,-0.9888153076171876,0.027726
6.0,2019-08-16 12:28:19.119,0.0036773681640625,0.11285400390625,-0.9731597900390624,0.021797999999999998
6.0,2019-08-16 12:28:19.220,0.009063720703125,0.1146697998046875,-1.00946044921875,0.028086
6.0,2019-08-16 12:28:19.320,-0.0141143798828125,0.1263275146484375,-1.0003662109375,0.023861
6.0,2019-08-16 12:28:19.419,-0.0096282958984375,0.107513427734375,-0.98077392578125,0.026206999999999998
6.0,2019-08-16 12:28:19.519,-0.009979248046875,0.1322784423828125,-1.00311279296875,0.026664999999999998
6.0,2019-08-16 12:28:19.619,-0.0049285888671875,0.1123199462890625,-0.9885101318359376,0.024038999999999998
6.0,2019-08-16 12:28:19.718,-0.0098724365234375,0.0977783203125,-0.9937286376953124,0.029035000000000002
6.0,2019-08-16 12:28:19.818,-0.01470947265625,0.1157073974609375,-1.001251220703125,0.023015
6.0,2019-08-16 12:28:19.919,0.0092010498046875,0.106170654296875,-0.9799652099609376,0.029672000000000004
6.0,2019-08-16 12:28:20.018,0.00555419921875,0.109466552734375,-0.9849853515625,0.023805
6.0,2019-08-16 12:28:20.118,-0.0082550048828125,0.1239013671875,-0.9911041259765624,0.028838
6.0,2019-08-16 12:28:20.218,0.0080413818359375,0.1256103515625,-0.9979705810546876,0.025716000000000003
6.0,2019-08-16 12:28:20.317,-0.003936767578125,0.1043548583984375,-1.0126495361328125,0.0267
,,,,,0.026641
,,,,,0.027304000000000002
,,,,,0.026242
,,,,,0.028794999999999998
,,,,,0.024037
,,,,,0.030482
,,,,,0.021022
,,,,,0.030189999999999998
,,,,,0.020507
,,,,,0.028799
,,,,,0.024009
,,,,,0.028314999999999996
,,,,,0.030508999999999998
,,,,,0.028217000000000002
,,,,,0.037237
,,,,,0.040061
,,,,,0.028597000000000004
,,,,,0.057996000000000006
,,,,,0.006640999999999999
,,,,,0.087668
,,,,,0.037431
,,,,,0.10939000000000002
,,,,,0.070378
,,,,,0.11682999999999999
,,,,,0.08439400000000001
,,,,,0.10935
,,,,,0.082616
,,,,,0.082729
,,,,,0.070802
,,,,,0.050334
,,,,,0.054772
,,,,,0.032667
,,,,,0.044059
,,,,,0.037475
,,,,,0.044591000000000006
,,,,,0.04979
,,,,,0.046512
,,,,,0.046093
,,,,,0.048373
,,,,,0.045354000000000005
,,,,,0.047638
,,,,,0.039529
,,,,,0.043008
,,,,,0.036437
,,,,,0.044131000000000004
,,,,,0.041563
,,,,,0.049518
,,,,,0.046856999999999996
,,,,,0.047786
,,,,,0.047525
,,,,,0.043952
,,,,,0.051925
,,,,,0.045856
,,,,,0.0549
,,,,,0.045319
,,,,,0.051187
,,,,,0.044193
,,,,,0.049752
,,,,,0.045293
,,,,,0.047939999999999997
,,,,,0.045969
,,,,,0.044025
,,,,,0.047251999999999995
,,,,,0.041032
,,,,,0.05209400000000001
,,,,,0.041411
,,,,,0.056018
,,,,,0.04043
,,,,,0.052903
,,,,,0.038526
,,,,,0.047105
,,,,,0.044816
,,,,,0.046264
,,,,,0.051117
,,,,,0.041083
,,,,,0.03798
,,,,,0.044406
,,,,,0.028170999999999998
,,,,,0.06163099999999999
,,,,,0.031354
,,,,,0.08392000000000001
,,,,,0.057215999999999996
,,,,,0.095955
,,,,,0.08126900000000001
,,,,,0.092747
,,,,,0.094039
,,,,,0.069888
,,,,,0.090022
,,,,,0.038381
,,,,,0.07158300000000001
,,,,,0.014721000000000001
,,,,,0.051026999999999996
,,,,,0.029358
,,,,,0.044538
,,,,,0.035095
,,,,,0.04749
,,,,,0.034289
,,,,,0.07754
,,,,,0.040586000000000004
,,,,,0.10528
,,,,,0.050428
,,,,,0.12289000000000001
,,,,,0.053855999999999994
,,,,,0.12125
,,,,,0.048989
,,,,,0.10235
,,,,,0.039889999999999995
,,,,,0.072849
,,,,,0.033142000000000005
,,,,,0.049779000000000004
,,,,,0.032175999999999996
,,,,,0.04002
,,,,,0.033698
,,,,,0.032445
,,,,,0.041956
,,,,,0.038135
,,,,,0.065522
,,,,,0.038305
,,,,,0.092941
,,,,,0.04307
,,,,,0.12135
,,,,,0.050161000000000004
,,,,,0.13543
,,,,,0.054649
,,,,,0.13208
,,,,,0.049365
,,,,,0.11552
,,,,,0.030626999999999998
,,,,,0.09689500000000001
,,,,,0.006540000000000001
,,,,,0.079041
,,,,,0.02247
,,,,,0.055144000000000006
,,,,,0.026813
,,,,,0.045307
,,,,,0.02738
,,,,,0.055649000000000004
,,,,,0.026142000000000002
,,,,,0.075008
,,,,,0.049699
,,,,,0.096586
,,,,,0.082785
,,,,,0.10951
,,,,,0.10694000000000001
,,,,,0.10595999999999998
,,,,,0.11427000000000001
,,,,,0.08565299999999999
,,,,,0.10572000000000001
,,,,,0.051488
,,,,,0.085029
,,,,,0.013444999999999999
,,,,,0.062376
,,,,,0.017533
,,,,,0.044052999999999995
,,,,,0.029396
,,,,,0.026695999999999998
,,,,,0.030179
,,,,,0.024863999999999997
,,,,,0.029200999999999998
,,,,,0.024634
,,,,,0.027249000000000002
,,,,,0.024631
,,,,,0.025596
,,,,,0.025985
,,,,,0.023879
,,,,,0.025584
,,,,,0.023183000000000002
,,,,,0.025741000000000003
,,,,,0.022249
,,,,,0.02783
,,,,,0.020335
,,,,,0.030492000000000002
,,,,,0.021652
,,,,,0.049419
,,,,,0.015501
,,,,,0.058798
,,,,,0.017841
,,,,,0.07610499999999999
,,,,,0.031125
,,,,,0.095361
,,,,,0.046449000000000004
,,,,,0.11093
,,,,,0.056236
,,,,,0.11848
,,,,,0.058254999999999994
,,,,,0.11404
,,,,,0.049841
,,,,,0.09765900000000001
,,,,,0.035858999999999995
,,,,,0.073567
,,,,,0.024197
,,,,,0.049358
,,,,,0.025842
,,,,,0.045036
,,,,,0.034348000000000004
,,,,,0.047991000000000006
,,,,,0.036366
,,,,,0.052832000000000004
,,,,,0.057415
,,,,,0.05784500000000001
,,,,,0.096522
,,,,,0.067156
,,,,,0.13316
,,,,,0.074925
,,,,,0.15211
,,,,,0.07464900000000001
,,,,,0.14684
,,,,,0.06189600000000001
,,,,,0.12332
,,,,,0.04162
,,,,,0.090456
,,,,,0.043264
,,,,,0.054183
,,,,,0.052934
,,,,,0.0314
,,,,,0.060334000000000006
,,,,,0.028593
,,,,,0.061929
,,,,,0.028201999999999998
,,,,,0.067187
,,,,,0.015385
,,,,,0.07897699999999999
,,,,,0.0090946
,,,,,0.096877
,,,,,0.027547000000000002
,,,,,0.10865999999999999
,,,,,0.036166000000000004
,,,,,0.10733
,,,,,0.032586000000000004
,,,,,0.09207699999999999
,,,,,0.025283
,,,,,0.071822
,,,,,0.031869999999999996
,,,,,0.05279299999999999
,,,,,0.034000999999999997
,,,,,0.042372
,,,,,0.042003
,,,,,0.038886000000000004
,,,,,0.06678200000000001
,,,,,0.033438
,,,,,0.09679199999999999
,,,,,0.036737
,,,,,0.11660999999999999
,,,,,0.043632
,,,,,0.12262
,,,,,0.042449
,,,,,0.071936
,,,,,0.023818000000000002
,,,,,0.05941900000000001
,,,,,0.08824
,,,,,0.15048
,,,,,0.19765
,,,,,0.26166
,,,,,0.28757
,,,,,0.33589
,,,,,0.32575
,,,,,0.35648
,,,,,0.29894
,,,,,0.31049
,,,,,0.22505999999999998
,,,,,0.22376
,,,,,0.13109
,,,,,0.1245
,,,,,0.056228999999999994
,,,,,0.056389999999999996
,,,,,0.029179000000000004
,,,,,0.0
,,,,,0.0
,,,,,0.0
,,,,,0.0
,,,,,0.0
,,,,,0.0
,,,,,0.0
,,,,,0.0
,,,,,0.0
,,,,,0.0
,,,,,0.0
,,,,,0.0
,,,,,0.0
,,,,,0.0
,,,,,0.0
,,,,,0.0
,,,,,0.0
,,,,,0.0
,,,,,0.0
,,,,,0.0
,,,,,0.0
,,,,,0.0
,,,,,0.0
,,,,,0.0
,,,,,0.0
,,,,,0.0
,,,,,0.0
,,,,,0.0
,,,,,0.0
,,,,,0.0
,,,,,0.0
,,,,,0.0
,,,,,0.0
,,,,,0.0
,,,,,0.0
,,,,,0.0
,,,,,0.0
,,,,,0.0
,,,,,0.0
,,,,,0.0
,,,,,0.0
,,,,,0.0
,,,,,0.0
,,,,,0.0
,,,,,0.0
,,,,,0.0
,,,,,0.0
,,,,,0.0
,,,,,0.0
,,,,,0.0
,,,,,0.0
,,,,,0.0
,,,,,0.0
,,,,,0.0
,,,,,0.0
,,,,,0.0
,,,,,0.0
,,,,,0.0
,,,,,0.0
,,,,,0.0
,,,,,0.0
,,,,,0.0
,,,,,0.0
,,,,,0.0
,,,,,0.0
,,,,,0.0
,,,,,0.0
,,,,,0.0
,,,,,0.0
,,,,,0.0
,,,,,0.0
,,,,,0.0
,,,,,0.0
,,,,,0.0
,,,,,0.0
,,,,,0.0
,,,,,0.0
,,,,,0.0
,,,,,0.0
,,,,,0.0
,,,,,0.0
,,,,,0.0
,,,,,0.0
,,,,,0.0
,,,,,0.0
,,,,,0.0
,,,,,0.0
,,,,,0.0
,,,,,0.0
,,,,,0.0
,,,,,0.0
,,,,,0.0
,,,,,0.0
,,,,,0.0
,,,,,0.0
,,,,,0.0
,,,,,0.0
,,,,,0.0
,,,,,0.0
,,,,,0.0
,,,,,0.0
,,,,,0.0
,,,,,0.0
,,,,,0.0
,,,,,0.0
,,,,,0.0
,,,,,0.0
,,,,,0.0
,,,,,0.0
,,,,,0.0
,,,,,0.0
,,,,,0.0
,,,,,0.0
,,,,,0.0
,,,,,0.0
,,,,,0.0
,,,,,0.0
,,,,,0.0
,,,,,0.0
,,,,,0.0
,,,,,0.0
,,,,,0.0
,,,,,0.0
,,,,,0.0
,,,,,0.0
,,,,,0.0
,,,,,0.0
,,,,,0.0
,,,,,0.0
,,,,,0.0
,,,,,0.0
,,,,,0.0
,,,,,0.0
,,,,,0.0
,,,,,0.0
,,,,,0.0
,,,,,0.0
,,,,,0.0
,,,,,0.0
,,,,,0.0
,,,,,0.0
,,,,,0.0
,,,,,0.0
,,,,,0.0
,,,,,0.0
,,,,,0.0
,,,,,0.0
,,,,,0.0
,,,,,0.0
,,,,,0.0
,,,,,0.0
,,,,,0.0
,,,,,0.0
,,,,,0.0
,,,,,0.0
,,,,,0.0
,,,,,0.0
,,,,,0.0
,,,,,0.0
,,,,,0.0
,,,,,0.0
,,,,,0.0
,,,,,0.0
,,,,,0.0
,,,,,0.0
,,,,,0.0
,,,,,0.0
,,,,,0.0
,,,,,0.0
,,,,,0.0
,,,,,0.0
,,,,,0.0
,,,,,0.0
,,,,,0.0
,,,,,0.0
,,,,,0.0
,,,,,0.0
,,,,,0.0
,,,,,0.0
,,,,,0.0
,,,,,0.0
,,,,,0.0
,,,,,0.0
,,,,,0.0
,,,,,0.0
,,,,,0.0
,,,,,0.0
,,,,,0.0
,,,,,0.0
,,,,,0.0
,,,,,0.0
,,,,,0.0
,,,,,0.0
,,,,,0.0
,,,,,0.0
,,,,,0.0
,,,,,0.0
,,,,,0.0
,,,,,0.0
,,,,,0.0
,,,,,0.0
,,,,,0.0
,,,,,0.0
,,,,,0.0
,,,,,0.0
,,,,,0.0
,,,,,0.0
,,,,,0.0
,,,,,0.0
,,,,,0.0
,,,,,0.0
,,,,,0.0
,,,,,0.0
,,,,,0.0
,,,,,0.0
,,,,,0.0
,,,,,0.0
,,,,,0.0
,,,,,0.0
,,,,,0.0
,,,,,0.0
,,,,,0.0
,,,,,0.0
,,,,,0.0
,,,,,0.0
,,,,,0.0
,,,,,0.0
,,,,,0.0
,,,,,0.0
,,,,,0.0
,,,,,0.0
,,,,,0.0
,,,,,0.0
,,,,,0.0
,,,,,0.0
,,,,,0.0
,,,,,0.0
,,,,,0.0
,,,,,0.0
,,,,,0.0
,,,,,0.0
,,,,,0.0
,,,,,0.0
,,,,,0.0
,,,,,0.0
,,,,,0.0
,,,,,0.0
,,,,,0.0
,,,,,0.0
,,,,,0.15704
,,,,,0.10655999999999999
,,,,,0.074142
,,,,,0.091139
,,,,,0.066018
,,,,,0.012029999999999999
,,,,,0.019319
,,,,,0.010283
,,,,,0.036679
,,,,,0.082441
,,,,,0.081825
,,,,,0.072362
,,,,,0.12892
,,,,,0.15123
,,,,,0.11955999999999999
,,,,,0.1318
,,,,,0.16302
,,,,,0.12987
,,,,,0.08826200000000001
,,,,,0.10983
,,,,,0.09777899999999999
,,,,,0.040301
,,,,,0.032805
,,,,,0.049513999999999996
,,,,,0.036467
,,,,,0.016313
,,,,,0.015795
,,,,,0.029207999999999998
,,,,,0.024228
,,,,,0.011032
,,,,,0.026744999999999998
,,,,,0.029725
,,,,,0.014547
,,,,,0.019721000000000002
,,,,,0.029445999999999996
,,,,,0.021831
,,,,,0.016937
,,,,,0.024322999999999997
,,,,,0.022552000000000003
,,,,,0.020589
,,,,,0.022916
,,,,,0.020303
,,,,,0.018937
,,,,,0.024279
,,,,,0.021268000000000002
,,,,,0.014755
,,,,,0.022101
,,,,,0.023618
,,,,,0.015142
,,,,,0.017394
,,,,,0.021988999999999998
,,,,,0.017618
,,,,,0.016482
,,,,,0.019844999999999998
,,,,,0.01585
,,,,,0.014939
,,,,,0.019591
,,,,,0.016062
,,,,,0.011904000000000001
,,,,,0.017049
,,,,,0.016593
,,,,,0.0088565
,,,,,0.01251
,,,,,0.012861000000000001
,,,,,0.0064258
,,,,,0.011649
,,,,,0.0094917
,,,,,0.006829000000000001
,,,,,0.018226
,,,,,0.027831
,,,,,0.038921
,,,,,0.029332999999999998
,,,,,0.062411
,,,,,0.12154000000000001
,,,,,0.13973
,,,,,0.13855
,,,,,0.1852
,,,,,0.21700999999999998
,,,,,0.19454000000000002
,,,,,0.18823
,,,,,0.2049
,,,,,0.16844
,,,,,0.11352999999999999
,,,,,0.11894
,,,,,0.10634
,,,,,0.044976
,,,,,0.020689
,,,,,0.046426999999999996
,,,,,0.035987
,,,,,0.034032
,,,,,0.043757
,,,,,0.039376999999999995
,,,,,0.022565
,,,,,0.033358
,,,,,0.043172
,,,,,0.032666
,,,,,0.023672
,,,,,0.040474
,,,,,0.044932
,,,,,0.036262
,,,,,0.042149
,,,,,0.047633
,,,,,0.039319
,,,,,0.035235
,,,,,0.041777999999999996
,,,,,0.045155
,,,,,0.042547
,,,,,0.041522
,,,,,0.041826999999999996
,,,,,0.038903
,,,,,0.036907
,,,,,0.042269
,,,,,0.045301
,,,,,0.039189
,,,,,0.037092
,,,,,0.039120999999999996
,,,,,0.035643
,,,,,0.032008999999999996
,,,,,0.029205000000000002
,,,,,0.033722
,,,,,0.043817
,,,,,0.041541
,,,,,0.03425
,,,,,0.040906
,,,,,0.037963
,,,,,0.032375
,,,,,0.037336
,,,,,0.036966000000000006
,,,,,0.03463
,,,,,0.04415
,,,,,0.020787
,,,,,0.034345
,,,,,0.080515
,,,,,0.076404
,,,,,0.060262
,,,,,0.12167
,,,,,0.14035999999999998
,,,,,0.10337
,,,,,0.12559
,,,,,0.15725999999999998
,,,,,0.11987
,,,,,0.07942300000000001
,,,,,0.10482000000000001
,,,,,0.094958
,,,,,0.041291
,,,,,0.024075
,,,,,0.041735
,,,,,0.047993
,,,,,0.052039
,,,,,0.027229000000000003
,,,,,0.07092899999999999
,,,,,0.11575
,,,,,0.10240999999999999
,,,,,0.09554
,,,,,0.1491
,,,,,0.15027000000000001
,,,,,0.10645999999999999
,,,,,0.12107000000000001
,,,,,0.13358
,,,,,0.093124
,,,,,0.057919000000000005
,,,,,0.067508
,,,,,0.050283
,,,,,0.0044893
,,,,,0.025136000000000002
,,,,,0.021825
,,,,,0.022868
,,,,,0.028607
,,,,,0.01112
,,,,,0.056180999999999995
,,,,,0.088012
,,,,,0.080846
,,,,,0.1125
,,,,,0.17573
,,,,,0.17820999999999998
,,,,,0.15724000000000002
,,,,,0.21084
,,,,,0.22521999999999998
,,,,,0.17659
,,,,,0.16860999999999998
,,,,,0.18489
,,,,,0.14934
,,,,,0.085978
,,,,,0.081073
,,,,,0.094928
,,,,,0.052652
,,,,,0.015804
,,,,,0.043405
,,,,,0.042161000000000004
,,,,,0.049022
,,,,,0.022819
,,,,,0.044514
,,,,,0.10472999999999999
,,,,,0.1041
,,,,,0.073369
,,,,,0.15447
,,,,,0.19297
,,,,,0.13917000000000002
,,,,,0.16005
,,,,,0.20509000000000002
,,,,,0.16078
,,,,,0.11388
,,,,,0.13427999999999998
,,,,,0.11900999999999999
,,,,,0.058616999999999995
,,,,,0.038560000000000004
,,,,,0.051908
,,,,,0.031816000000000004
,,,,,0.0091439
,,,,,0.013568
,,,,,0.010504000000000001
,,,,,0.009135299999999999
,,,,,0.0091506
,,,,,0.008983
,,,,,0.009051299999999998
,,,,,0.0043933
,,,,,0.010156
,,,,,0.013654
,,,,,0.0042985
,,,,,0.010491
,,,,,0.019653999999999998
,,,,,0.014726
,,,,,0.0018745
,,,,,0.020177
,,,,,0.026802999999999997
,,,,,0.016123
,,,,,0.016177
,,,,,0.052266
,,,,,0.06218099999999999
,,,,,0.056063
,,,,,0.072535
,,,,,0.12214000000000001
,,,,,0.14720999999999998
,,,,,0.14385
,,,,,0.17328
,,,,,0.21746
,,,,,0.21238
,,,,,0.19058
,,,,,0.21254
,,,,,0.21577
,,,,,0.16442
,,,,,0.13339
,,,,,0.14073
,,,,,0.10758
,,,,,0.045155
,,,,,0.043697
,,,,,0.050232
,,,,,0.037439
,,,,,0.02377
,,,,,0.024619
,,,,,0.060238
,,,,,0.064112
,,,,,0.027881
,,,,,0.10157000000000001
,,,,,0.1528
,,,,,0.13024000000000002
,,,,,0.13701
,,,,,0.20765999999999998
,,,,,0.20769
,,,,,0.15714
,,,,,0.1822
,,,,,0.1963
,,,,,0.13682
,,,,,0.10608
,,,,,0.12549000000000002
,,,,,0.088395
,,,,,0.017784
,,,,,0.044502999999999994
,,,,,0.05366699999999999
,,,,,0.061882000000000006
,,,,,0.054645000000000006
,,,,,0.031972
,,,,,0.10870999999999999
,,,,,0.14615999999999998
,,,,,0.1212
,,,,,0.15467
,,,,,0.20918
,,,,,0.19528
,,,,,0.16882
,,,,,0.19925
,,,,,0.18655
,,,,,0.12567
,,,,,0.12725999999999998
,,,,,0.12719
,,,,,0.067485
,,,,,0.030195999999999997
,,,,,0.057904
,,,,,0.039569
,,,,,0.012064
,,,,,0.020364
,,,,,0.033884
,,,,,0.044465
,,,,,0.026925
,,,,,0.066774
,,,,,0.12003
,,,,,0.10765
,,,,,0.10172
,,,,,0.15921
,,,,,0.16171
,,,,,0.10965
,,,,,0.073716
,,,,,0.07653099999999999
,,,,,0.051287
,,,,,0.13946
,,,,,0.25811
,,,,,0.32334
,,,,,0.41031000000000006
,,,,,0.5171100000000001
,,,,,0.5536300000000001
,,,,,0.54538
,,,,,0.57744
,,,,,0.56515
,,,,,0.46618999999999994
,,,,,0.39394
,,,,,0.3663
,,,,,0.26466999999999996
,,,,,0.14114000000000002
,,,,,0.12019
,,,,,0.09776499999999999
,,,,,0.030115
,,,,,0.0
,,,,,0.0
,,,,,0.0
,,,,,0.0
,,,,,0.0
,,,,,0.0
,,,,,0.0
,,,,,0.0
,,,,,0.0
,,,,,0.0
,,,,,0.0
,,,,,0.0
,,,,,0.0
,,,,,0.0
,,,,,0.0
,,,,,0.0
,,,,,0.0
,,,,,0.0
,,,,,0.0
,,,,,0.0
,,,,,0.0
,,,,,0.0
,,,,,0.0
,,,,,0.0
,,,,,0.0
,,,,,0.0
,,,,,0.0
,,,,,0.0
,,,,,0.0
,,,,,0.0
,,,,,0.0
,,,,,0.0
,,,,,0.0
,,,,,0.0
,,,,,0.0
,,,,,0.0
,,,,,0.0
,,,,,0.0
,,,,,0.0
,,,,,0.0
,,,,,0.0
,,,,,0.0
,,,,,0.0
,,,,,0.0
,,,,,0.0
,,,,,0.0
,,,,,0.0
,,,,,0.0
,,,,,0.0
,,,,,0.0
,,,,,0.0
,,,,,0.0
,,,,,0.0
,,,,,0.0
,,,,,0.0
,,,,,0.0
,,,,,0.0
,,,,,0.0
,,,,,0.0
,,,,,0.0
,,,,,0.0
,,,,,0.0
,,,,,0.0
,,,,,0.0
,,,,,0.0
,,,,,0.0
,,,,,0.0
,,,,,0.0
,,,,,0.0
,,,,,0.0
,,,,,0.0
,,,,,0.0
,,,,,0.0
,,,,,0.0
,,,,,0.0
,,,,,0.0
,,,,,0.0
,,,,,0.0
,,,,,0.0
,,,,,0.0
,,,,,0.0
,,,,,0.0
,,,,,0.0
,,,,,0.0
,,,,,0.0
,,,,,0.0
,,,,,0.0
,,,,,0.0
,,,,,0.0
,,,,,0.0
,,,,,0.0
,,,,,0.0
,,,,,0.0
,,,,,0.0
,,,,,0.0
,,,,,0.0
,,,,,0.0
,,,,,0.0
,,,,,0.0
,,,,,0.0
,,,,,0.0
,,,,,0.0
,,,,,0.0
,,,,,0.0
,,,,,0.0
,,,,,0.0
,,,,,0.0
,,,,,0.0
,,,,,0.0
,,,,,0.0
,,,,,0.0
,,,,,0.0
,,,,,0.0
,,,,,0.0
,,,,,0.0
,,,,,0.0
,,,,,0.0
,,,,,0.0
,,,,,0.0
,,,,,0.0
,,,,,0.0
,,,,,0.0
,,,,,0.0
,,,,,0.0
,,,,,0.0
,,,,,0.0
,,,,,0.0
,,,,,0.0
,,,,,0.0
,,,,,0.0
,,,,,0.0
,,,,,0.0
,,,,,0.0
,,,,,0.0
,,,,,0.0
,,,,,0.0
,,,,,0.0
,,,,,0.0
,,,,,0.0
,,,,,0.0
,,,,,0.0
,,,,,0.0
,,,,,0.0
,,,,,0.0
,,,,,0.0
,,,,,0.0
,,,,,0.0
,,,,,0.0
,,,,,0.0
,,,,,0.0
,,,,,0.0
,,,,,0.0
,,,,,0.0
,,,,,0.0
,,,,,0.0
,,,,,0.0
,,,,,0.0
,,,,,0.0
,,,,,0.0
,,,,,0.0
,,,,,0.0
,,,,,0.0
,,,,,0.0
,,,,,0.0
,,,,,0.0
,,,,,0.0
,,,,,0.0
,,,,,0.0
,,,,,0.0
,,,,,0.0
,,,,,0.0
,,,,,0.0
,,,,,0.0
,,,,,0.0
,,,,,0.0
,,,,,0.0
,,,,,0.0
,,,,,0.0
,,,,,0.0
,,,,,0.0
,,,,,0.0
,,,,,0.0
,,,,,0.0
,,,,,0.0
,,,,,0.0
,,,,,0.0
,,,,,0.0
,,,,,0.0
,,,,,0.0
,,,,,0.0
,,,,,0.0
,,,,,0.0
,,,,,0.0
,,,,,0.0
,,,,,0.0
,,,,,0.0
,,,,,0.0
,,,,,0.0
,,,,,0.0
,,,,,0.0
,,,,,0.0
,,,,,0.0
,,,,,0.0
,,,,,0.0
,,,,,0.0
,,,,,0.0
,,,,,0.0
,,,,,0.0
,,,,,0.0
,,,,,0.0
,,,,,0.0
,,,,,0.0
,,,,,0.0
,,,,,0.0
,,,,,0.0
,,,,,0.0
,,,,,0.0
,,,,,0.0
,,,,,0.0
,,,,,0.0
,,,,,0.0
,,,,,0.0
,,,,,0.0
,,,,,0.0
,,,,,0.0
,,,,,0.0
,,,,,0.0
,,,,,0.0
,,,,,0.0
,,,,,0.0
,,,,,0.0
,,,,,0.0
,,,,,0.0
,,,,,0.0
,,,,,0.0
,,,,,0.0
,,,,,0.0
,,,,,0.0
,,,,,0.0
,,,,,0.0
,,,,,0.0
,,,,,0.0
,,,,,0.0
,,,,,0.0
,,,,,0.0
,,,,,0.0
,,,,,0.0
,,,,,0.0
,,,,,0.0
,,,,,0.31540999999999997
,,,,,0.26311999999999997
,,,,,0.22035
,,,,,0.18531
,,,,,0.15128
,,,,,0.1162
,,,,,0.10505
,,,,,0.10989000000000002
,,,,,0.13426
,,,,,0.16664
,,,,,0.19699
,,,,,0.23023000000000002
,,,,,0.27415
,,,,,0.32647
,,,,,0.37761
,,,,,0.41577
,,,,,0.42856000000000005
,,,,,0.41118999999999994
,,,,,0.36394
,,,,,0.29359
,,,,,0.21100000000000002
,,,,,0.129
,,,,,0.058178999999999995
,,,,,0.007941
,,,,,0.030102999999999998
,,,,,0.050924000000000004
,,,,,0.047704
,,,,,0.040822000000000004
,,,,,0.030900999999999998
,,,,,0.018688999999999997
,,,,,0.0085316
,,,,,0.014157
,,,,,0.027419
,,,,,0.039580000000000004
,,,,,0.050457999999999996
,,,,,0.055923
,,,,,0.057148000000000004
,,,,,0.054016999999999996
,,,,,0.046158
,,,,,0.03524
,,,,,0.022167
,,,,,0.012359
,,,,,0.018009999999999998
,,,,,0.02957
,,,,,0.038702
,,,,,0.042548
,,,,,0.041386
,,,,,0.034260000000000006
,,,,,0.027977999999999996
,,,,,0.029404000000000003
,,,,,0.039102
,,,,,0.051252
,,,,,0.059243
,,,,,0.062939
,,,,,0.059789
,,,,,0.053674
,,,,,0.048322000000000004
,,,,,0.044808
,,,,,0.044918
,,,,,0.045600999999999996
,,,,,0.045007
,,,,,0.041921
,,,,,0.037042
,,,,,0.033255
,,,,,0.036057
,,,,,0.049023000000000004
,,,,,0.074902
,,,,,0.11475
,,,,,0.16513
,,,,,0.22388000000000002
,,,,,0.29358
,,,,,0.37546
,,,,,0.46903999999999996
,,,,,0.5670000000000001
,,,,,0.65545
,,,,,0.72073
,,,,,0.7513
,,,,,0.74539
,,,,,0.70872
,,,,,0.65615
,,,,,0.60517
,,,,,0.57231
,,,,,0.57075
,,,,,0.60001
,,,,,0.6481
,,,,,0.69639
,,,,,0.7266199999999999
,,,,,0.72167
,,,,,0.6778
,,,,,0.60687
,,,,,0.50462
,,,,,0.38942
,,,,,0.27662
,,,,,0.18059
,,,,,0.10826
,,,,,0.06565499999999999
,,,,,0.056794000000000004
,,,,,0.064229
,,,,,0.072906
,,,,,0.076462
,,,,,0.069119
,,,,,0.0537
,,,,,0.038744
,,,,,0.02783
,,,,,0.048168
,,,,,0.090422
,,,,,0.12682000000000002
,,,,,0.14812999999999998
,,,,,0.16003
,,,,,0.16592
,,,,,0.16457
,,,,,0.15661
,,,,,0.14318
,,,,,0.12492
,,,,,0.10275
,,,,,0.078264
,,,,,0.056292999999999996
,,,,,0.038465
,,,,,0.029845999999999998
,,,,,0.033811
,,,,,0.046968
,,,,,0.072911
,,,,,0.10762000000000001
,,,,,0.13657
,,,,,0.14884
,,,,,0.14874
,,,,,0.14673
,,,,,0.14287
,,,,,0.14072
,,,,,0.14300000000000002
,,,,,0.16476
,,,,,0.18353
,,,,,0.18303
,,,,,0.15978
,,,,,0.11364
,,,,,0.051244000000000005
,,,,,0.024942
,,,,,0.09371399999999999
,,,,,0.15400999999999998
,,,,,0.1987
,,,,,0.22816999999999998
,,,,,0.24656999999999998
,,,,,0.26200999999999997
,,,,,0.28089000000000003
,,,,,0.30422
,,,,,0.32621999999999995
,,,,,0.34407
,,,,,0.35714
,,,,,0.368
,,,,,0.39399999999999996
,,,,,0.43383999999999995
,,,,,0.48008999999999996
,,,,,0.5211399999999999
,,,,,0.54108
,,,,,0.5333
,,,,,0.49573
,,,,,0.43495
,,,,,0.36013
,,,,,0.27979
,,,,,0.20340999999999998
,,,,,0.1391
,,,,,0.088589
,,,,,0.041554
,,,,,0.040132
,,,,,0.10375999999999999
,,,,,0.16997
,,,,,0.2331
,,,,,0.29786
,,,,,0.35875
,,,,,0.38821
,,,,,0.39155999999999996
,,,,,0.37546999999999997
,,,,,0.36457
,,,,,0.40345
,,,,,0.50656
,,,,,0.6372899999999999
,,,,,0.7582800000000001
,,,,,0.8474200000000001
,,,,,0.8921899999999999
,,,,,0.88225
,,,,,0.8204299999999999
,,,,,0.72528
,,,,,0.62041
,,,,,0.52057
,,,,,0.4383
,,,,,0.38383
,,,,,0.35765
,,,,,0.34559
,,,,,0.33111
,,,,,0.34125
,,,,,0.35673
,,,,,0.37986
,,,,,0.41386999999999996
,,,,,0.46103999999999995
,,,,,0.5160899999999999
,,,,,0.56785
,,,,,0.6078100000000001
,,,,,0.63248
,,,,,0.63663
,,,,,0.60977
,,,,,0.54396
,,,,,0.44392
,,,,,0.32473
,,,,,0.2038
,,,,,0.10177
,,,,,0.053246
,,,,,0.081263
,,,,,0.11327999999999999
,,,,,0.13572
,,,,,0.14795
,,,,,0.15449000000000002
,,,,,0.15337
,,,,,0.14357999999999999
,,,,,0.12816
,,,,,0.10995999999999999
,,,,,0.090914
,,,,,0.072398
,,,,,0.055032000000000005
,,,,,0.040424
,,,,,0.028245
,,,,,0.019173
,,,,,0.015780000000000002
,,,,,0.020184999999999998
,,,,,0.025669
,,,,,0.033598
,,,,,0.0438
,,,,,0.052075
,,,,,0.053141999999999995
,,,,,0.067169
,,,,,0.10092999999999999
,,,,,0.16535999999999998
,,,,,0.25158
,,,,,0.33987
,,,,,0.41463
,,,,,0.46379
,,,,,0.48346000000000006
,,,,,0.47948999999999997
,,,,,0.46224
,,,,,0.44381000000000004
,,,,,0.42918
,,,,,0.41213999999999995
,,,,,0.38109
,,,,,0.3297
,,,,,0.26016
,,,,,0.18156
,,,,,0.1065
,,,,,0.047472
,,,,,0.006831
,,,,,0.023778999999999998
,,,,,0.014428999999999999
,,,,,0.025241
,,,,,0.08879
,,,,,0.17985
,,,,,0.29373
,,,,,0.41698999999999997
,,,,,0.5364800000000001
,,,,,0.63605
,,,,,0.70029
,,,,,0.7231
,,,,,0.70553
,,,,,0.65466
,,,,,0.57852
,,,,,0.48683999999999994
,,,,,0.39075
,,,,,0.30953
,,,,,0.28144
,,,,,0.33683
,,,,,0.44777
,,,,,0.57358
,,,,,0.69989
,,,,,0.81486
,,,,,0.90099
,,,,,0.9528200000000001
,,,,,0.97305
,,,,,0.9674799999999999
,,,,,0.94375
,,,,,0.90927
,,,,,0.8674299999999999
,,,,,0.81253
,,,,,0.73732
,,,,,0.63607
,,,,,0.50856
,,,,,0.36433000000000004
,,,,,0.2168
,,,,,0.086466
,,,,,0.056797
,,,,,0.12077
,,,,,0.15983
,,,,,0.16612000000000002
,,,,,0.14340999999999998
,,,,,0.12403
,,,,,0.14149
,,,,,0.19515
,,,,,0.27204
,,,,,0.35779
,,,,,0.4364
,,,,,0.5019
,,,,,0.53975
,,,,,0.54371
,,,,,0.51358
,,,,,0.42901000000000006
,,,,,0.29802
,,,,,0.2171
,,,,,0.36221
,,,,,0.63232
,,,,,0.9344
,,,,,1.23
,,,,,1.4876
,,,,,1.6791
,,,,,1.776
,,,,,1.7691
,,,,,1.6640000000000001
,,,,,1.4728
,,,,,1.2227
,,,,,0.94895
,,,,,0.68194
,,,,,0.44519
,,,,,0.25845
,,,,,0.12424
,,,,,0.030576
,,,,,0.0
,,,,,0.0
,,,,,0.0
,,,,,0.0
,,,,,0.0
,,,,,0.0
,,,,,0.0
,,,,,0.0
,,,,,0.0
,,,,,0.0
,,,,,0.0
,,,,,0.0
,,,,,0.0
,,,,,0.0
,,,,,0.0
,,,,,0.0
,,,,,0.0
,,,,,0.0
,,,,,0.0
,,,,,0.0
,,,,,0.0
,,,,,0.0
,,,,,0.0
,,,,,0.0
,,,,,0.0
,,,,,0.0
,,,,,0.0
,,,,,0.0
,,,,,0.0
,,,,,0.0
,,,,,0.0
,,,,,0.0
,,,,,0.0
,,,,,0.0
,,,,,0.0
,,,,,0.0
,,,,,0.0
,,,,,0.0
,,,,,0.0
,,,,,0.0
,,,,,0.0
,,,,,0.0
,,,,,0.0
,,,,,0.0
,,,,,0.0
,,,,,0.0
,,,,,0.0
,,,,,0.0
,,,,,0.0
,,,,,0.0
,,,,,0.0
,,,,,0.0
,,,,,0.0
,,,,,0.0
,,,,,0.0
,,,,,0.0
,,,,,0.0
,,,,,0.0
,,,,,0.0
,,,,,0.0
,,,,,0.0
,,,,,0.0
,,,,,0.0
,,,,,0.0
,,,,,0.0
,,,,,0.0
,,,,,0.0
,,,,,0.0
,,,,,0.0
,,,,,0.0
,,,,,0.0
,,,,,0.0
,,,,,0.0
,,,,,0.0
,,,,,0.0
,,,,,0.0
,,,,,0.0
,,,,,0.0
,,,,,0.0
,,,,,0.0
,,,,,0.0
,,,,,0.0
,,,,,0.0
,,,,,0.0
,,,,,0.0
,,,,,0.0
,,,,,0.0
,,,,,0.0
,,,,,0.0
,,,,,0.0
,,,,,0.0
,,,,,0.0
,,,,,0.0
,,,,,0.0
,,,,,0.0
,,,,,0.0
,,,,,0.0
,,,,,0.0
,,,,,0.0
,,,,,0.0
,,,,,0.0
,,,,,0.0
,,,,,0.0
,,,,,0.0
,,,,,0.0
,,,,,0.0
,,,,,0.0
,,,,,0.0
,,,,,0.0
,,,,,0.0
,,,,,0.0
,,,,,0.0
,,,,,0.0
,,,,,0.0
,,,,,0.0
,,,,,0.0
,,,,,0.0
,,,,,0.0
,,,,,0.0
,,,,,0.0
,,,,,0.0
,,,,,0.0
,,,,,0.0
,,,,,0.0
,,,,,0.0
,,,,,0.0
,,,,,0.0
,,,,,0.0
,,,,,0.0
,,,,,0.0
,,,,,0.0
,,,,,0.0
,,,,,0.0
,,,,,0.0
,,,,,0.0
,,,,,0.0
,,,,,0.0
,,,,,0.0
,,,,,0.0
,,,,,0.0
,,,,,0.0
,,,,,0.0
,,,,,0.0
,,,,,0.0
,,,,,0.0
,,,,,0.0
,,,,,0.0
,,,,,0.0
,,,,,0.0
,,,,,0.0
,,,,,0.0
,,,,,0.0
,,,,,0.0
,,,,,0.0
,,,,,0.0
,,,,,0.0
,,,,,0.0
,,,,,0.0
,,,,,0.0
,,,,,0.0
,,,,,0.0
,,,,,0.0
,,,,,0.0
,,,,,0.0
,,,,,0.0
,,,,,0.0
,,,,,0.0
,,,,,0.0
,,,,,0.0
,,,,,0.0
,,,,,0.0
,,,,,0.0
,,,,,0.0
,,,,,0.0
,,,,,0.0
,,,,,0.0
,,,,,0.0
,,,,,0.0
,,,,,0.0
,,,,,0.0
,,,,,0.0
,,,,,0.0
,,,,,0.0
,,,,,0.0
,,,,,0.0
,,,,,0.0
,,,,,0.0
,,,,,0.0
,,,,,0.0
,,,,,0.0
,,,,,0.0
,,,,,0.0
,,,,,0.0
,,,,,0.0
,,,,,0.0
,,,,,0.0
,,,,,0.0
,,,,,0.0
,,,,,0.0
,,,,,0.0
,,,,,0.0
,,,,,0.0
,,,,,0.0
,,,,,0.0
,,,,,0.0
,,,,,0.0
,,,,,0.0
,,,,,0.0
,,,,,0.0
,,,,,0.0
,,,,,0.0
,,,,,0.0
,,,,,0.0
,,,,,0.0
,,,,,0.0
,,,,,0.0
,,,,,0.0
,,,,,0.0
,,,,,0.0
,,,,,0.0
,,,,,0.0
,,,,,0.0
,,,,,0.0
,,,,,0.0
,,,,,0.0
,,,,,0.0
,,,,,0.0
,,,,,0.0
,,,,,0.0
,,,,,0.0
,,,,,0.0
,,,,,0.0
,,,,,0.0
,,,,,0.0
,,,,,0.0
,,,,,0.0
,,,,,0.0
,,,,,0.0
,,,,,0.0
,,,,,0.0
,,,,,0.0
,,,,,0.0
,,,,,0.0
,,,,,0.0
,,,,,0.0
,,,,,0.0
,,,,,0.0
,,,,,0.0
,,,,,0.0
,,,,,1.5769
,,,,,1.5684
,,,,,1.5025
,,,,,1.4080000000000001
,,,,,1.3162
,,,,,1.25
,,,,,1.2202
,,,,,1.2281
,,,,,1.2725
,,,,,1.3439
,,,,,1.4279
,,,,,1.4996
,,,,,1.5313
,,,,,1.501
,,,,,1.3974
,,,,,1.2253
,,,,,1.0014
,,,,,0.75779
,,,,,0.54633
,,,,,0.44371000000000005
,,,,,0.47998
,,,,,0.57272
,,,,,0.65185
,,,,,0.69643
,,,,,0.70992
,,,,,0.70555
,,,,,0.6913
,,,,,0.67682
,,,,,0.66068
,,,,,0.64012
,,,,,0.61137
,,,,,0.57211
,,,,,0.52304
,,,,,0.46755
,,,,,0.41438
,,,,,0.37701
,,,,,0.36491999999999997
,,,,,0.37856
,,,,,0.40571999999999997
,,,,,0.43431000000000003
,,,,,0.45685
,,,,,0.47151000000000004
,,,,,0.48063999999999996
,,,,,0.48718999999999996
,,,,,0.49513999999999997
,,,,,0.50681
,,,,,0.52082
,,,,,0.53876
,,,,,0.55965
,,,,,0.58643
,,,,,0.6194
,,,,,0.6584300000000001
,,,,,0.70109
,,,,,0.74351
,,,,,0.78287
,,,,,0.81617
,,,,,0.84347
,,,,,0.8675
,,,,,0.89031
,,,,,0.91456
,,,,,0.9414899999999999
,,,,,0.96898
,,,,,0.99434
,,,,,1.013
,,,,,1.0231
,,,,,1.024
,,,,,1.0159
,,,,,1.0014
,,,,,0.9793799999999999
,,,,,0.94355
,,,,,0.8908
,,,,,0.81192
,,,,,0.71318
,,,,,0.63622
,,,,,0.6522600000000001
,,,,,0.7924100000000001
,,,,,1.0075
,,,,,1.2315
,,,,,1.4169
,,,,,1.5326
,,,,,1.5674
,,,,,1.5227
,,,,,1.4159
,,,,,1.2775
,,,,,1.1478
,,,,,1.0626
,,,,,1.0366
,,,,,1.0551
,,,,,1.091
,,,,,1.1215
,,,,,1.1388
,,,,,1.1382
,,,,,1.1217
,,,,,1.0978
,,,,,1.0798
,,,,,1.0836
,,,,,1.1241
,,,,,1.1992
,,,,,1.2908
,,,,,1.3668
,,,,,1.3886
,,,,,1.3184
,,,,,1.1303
,,,,,0.81672
,,,,,0.39298
,,,,,0.15342
,,,,,0.66263
,,,,,1.1512
,,,,,1.5413
,,,,,1.7830000000000001
,,,,,1.8547
,,,,,1.7695
,,,,,1.5845
,,,,,1.3984
,,,,,1.3189
,,,,,1.3730000000000002
,,,,,1.4756
,,,,,1.5215
,,,,,1.4532
,,,,,1.2698
,,,,,1.0242
,,,,,0.8347399999999999
,,,,,0.83904
,,,,,1.0126
,,,,,1.2098
,,,,,1.3425
,,,,,1.3806
,,,,,1.3323
,,,,,1.2272
,,,,,1.1099
,,,,,1.0353
,,,,,1.0411
,,,,,1.1258
,,,,,1.2512
,,,,,1.3638
,,,,,1.4244
,,,,,1.4097
,,,,,1.3139
,,,,,1.1434
,,,,,0.91914
,,,,,0.67707
,,,,,0.47234
,,,,,0.39063000000000003
,,,,,0.45378999999999997
,,,,,0.56225
,,,,,0.65257
,,,,,0.70812
,,,,,0.72978
,,,,,0.7179300000000001
,,,,,0.67024
,,,,,0.5869
,,,,,0.48603999999999997
,,,,,0.4236
,,,,,0.47617
,,,,,0.62685
,,,,,0.80561
,,,,,0.9647600000000001
,,,,,1.0823
,,,,,1.1569
,,,,,1.2064
,,,,,1.2631
,,,,,1.3539
,,,,,1.4783
,,,,,1.6066
,,,,,1.6939
,,,,,1.6994
,,,,,1.6013
,,,,,1.4032
,,,,,1.1428
,,,,,0.92133
,,,,,0.871
,,,,,1.0047
,,,,,1.1803
,,,,,1.2798
,,,,,1.2436
,,,,,1.057
,,,,,0.7390000000000001
,,,,,0.35263
,,,,,0.33854
,,,,,0.80361
,,,,,1.2967
,,,,,1.751
,,,,,2.1401
,,,,,2.4492
,,,,,2.6661
,,,,,2.7766
,,,,,2.764
,,,,,2.6176
,,,,,2.3375
,,,,,1.9336
,,,,,1.4405
,,,,,0.90018
,,,,,0.35659
,,,,,0.14747000000000002
,,,,,0.57285
,,,,,0.89215
,,,,,1.092
,,,,,1.1706
,,,,,1.1386
,,,,,1.0248
,,,,,0.86525
,,,,,0.7097899999999999
,,,,,0.61319
,,,,,0.60454
,,,,,0.65405
,,,,,0.71301
,,,,,0.75361
,,,,,0.77322
,,,,,0.77837
,,,,,0.77198
,,,,,0.76218
,,,,,0.75347
,,,,,0.75037
,,,,,0.7551800000000001
,,,,,0.76839
,,,,,0.78699
,,,,,0.8064100000000001
,,,,,0.8219200000000001
,,,,,0.82942
,,,,,0.83185
,,,,,0.83136
,,,,,0.8336
,,,,,0.8407399999999999
,,,,,0.85536
,,,,,0.87245
,,,,,0.8861600000000001
,,,,,0.8888799999999999
,,,,,0.87093
,,,,,0.8245299999999999
,,,,,0.74427
,,,,,0.63795
,,,,,0.54686
,,,,,0.5479
,,,,,0.67102
,,,,,0.85351
,,,,,1.0261
,,,,,1.1433
,,,,,1.1813
,,,,,1.1325
,,,,,1.0087
,,,,,0.83699
,,,,,0.66518
,,,,,0.55879
,,,,,0.56252
,,,,,0.63468
,,,,,0.7097
,,,,,0.75629
,,,,,0.77257
,,,,,0.77317
,,,,,0.76731
,,,,,0.75133
,,,,,0.71114
,,,,,0.63418
,,,,,0.53309
,,,,,0.47529
,,,,,0.57518
,,,,,0.82321
,,,,,1.1308
,,,,,1.4305
,,,,,1.6781
,,,,,1.8405
,,,,,1.9005
,,,,,1.854
,,,,,1.7163
,,,,,1.5241
,,,,,1.3303
,,,,,1.1874
,,,,,1.1273
,,,,,1.1417
,,,,,1.1925
,,,,,1.2597
,,,,,1.3464
,,,,,1.4626
,,,,,1.6038
,,,,,1.7394
,,,,,1.8284
,,,,,1.8331
,,,,,1.7321
,,,,,1.5252
,,,,,1.2371
,,,,,0.92004
,,,,,0.66725
,,,,,0.5958899999999999
,,,,,0.68617
,,,,,0.79242
,,,,,0.83909
,,,,,0.81806
,,,,,0.76313
,,,,,0.73322
,,,,,0.7631100000000001
,,,,,0.8345899999999999
,,,,,0.89685
,,,,,0.9082
,,,,,0.8557299999999999
,,,,,0.7539100000000001
,,,,,0.64073
,,,,,0.5825100000000001
,,,,,0.62821
,,,,,0.75076
,,,,,0.89656
,,,,,1.0638
,,,,,1.2674
,,,,,1.5235
,,,,,1.8448
,,,,,2.2067
,,,,,2.5606
,,,,,2.8539999999999996
,,,,,3.0401
,,,,,3.0861
,,,,,2.9879
,,,,,2.7586
,,,,,2.4187
,,,,,2.0085
,,,,,1.5722
,,,,,1.151
,,,,,0.78305
,,,,,0.48836
,,,,,0.27181
,,,,,0.12621
,,,,,0.030548000000000002
,,,,,0.0
,,,,,0.0
,,,,,0.0
,,,,,0.0
,,,,,0.0
,,,,,0.0
,,,,,0.0
,,,,,0.0
,,,,,0.0
,,,,,0.0
,,,,,0.0
,,,,,0.0
,,,,,0.0
,,,,,0.0
,,,,,0.0
,,,,,0.0
,,,,,0.0
,,,,,0.0
,,,,,0.0
,,,,,0.0
,,,,,0.0
,,,,,0.0
,,,,,0.0
,,,,,0.0
,,,,,0.0
,,,,,0.0
,,,,,0.0
,,,,,0.0
,,,,,0.0
,,,,,0.0
,,,,,0.0
,,,,,0.0
,,,,,0.0
,,,,,0.0
,,,,,0.0
,,,,,0.0
,,,,,0.0
,,,,,0.0
,,,,,0.0
,,,,,0.0
,,,,,0.0
,,,,,0.0
,,,,,0.0
,,,,,0.0
,,,,,0.0
,,,,,0.0
,,,,,0.0
,,,,,0.0
,,,,,0.0
,,,,,0.0
,,,,,0.0
,,,,,0.0
,,,,,0.0
,,,,,0.0
,,,,,0.0
,,,,,0.0
,,,,,0.0
,,,,,0.0
,,,,,0.0
,,,,,0.0
,,,,,0.0
,,,,,0.0
,,,,,0.0
,,,,,0.0
,,,,,0.0
,,,,,0.0
,,,,,0.0
,,,,,0.0
,,,,,0.0
,,,,,0.0
,,,,,0.0
,,,,,0.0
,,,,,0.0
,,,,,0.0
,,,,,0.0
,,,,,0.0
,,,,,0.0
,,,,,0.0
,,,,,0.0
,,,,,0.0
,,,,,0.0
,,,,,0.0
,,,,,0.0
,,,,,0.0
,,,,,0.0
,,,,,0.0
,,,,,0.0
,,,,,0.0
,,,,,0.0
,,,,,0.0
,,,,,0.0
,,,,,0.0
,,,,,0.0
,,,,,0.0
,,,,,0.0
,,,,,0.0
,,,,,0.0
,,,,,0.0
,,,,,0.0
,,,,,0.0
,,,,,0.0
,,,,,0.0
,,,,,0.0
,,,,,0.0
,,,,,0.0
,,,,,0.0
,,,,,0.0
,,,,,0.0
,,,,,0.0
,,,,,0.0
,,,,,0.0
,,,,,0.0
,,,,,0.0
,,,,,0.0
,,,,,0.0
,,,,,0.0
,,,,,0.0
,,,,,0.0
,,,,,0.0
,,,,,0.0
,,,,,0.0
,,,,,0.0
,,,,,0.0
,,,,,0.0
,,,,,0.0
,,,,,0.0
,,,,,0.0
,,,,,0.0
,,,,,0.0
,,,,,0.0
,,,,,0.0
,,,,,0.0
,,,,,0.0
,,,,,0.0
,,,,,0.0
,,,,,0.0
,,,,,0.0
,,,,,0.0
,,,,,0.0
,,,,,0.0
,,,,,0.0
,,,,,0.0
,,,,,0.0
,,,,,0.0
,,,,,0.0
,,,,,0.0
,,,,,0.0
,,,,,0.0
,,,,,0.0
,,,,,0.0
,,,,,0.0
,,,,,0.0
,,,,,0.0
,,,,,0.0
,,,,,0.0
,,,,,0.0
,,,,,0.0
,,,,,0.0
,,,,,0.0
,,,,,0.0
,,,,,0.0
,,,,,0.0
,,,,,0.0
,,,,,0.0
,,,,,0.0
,,,,,0.0
,,,,,0.0
,,,,,0.0
,,,,,0.0
,,,,,0.0
,,,,,0.0
,,,,,0.0
,,,,,0.0
,,,,,0.0
,,,,,0.0
,,,,,0.0
,,,,,0.0
,,,,,0.0
,,,,,0.0
,,,,,0.0
,,,,,0.0
,,,,,0.0
,,,,,0.0
,,,,,0.0
,,,,,0.0
,,,,,0.0
,,,,,0.0
,,,,,0.0
,,,,,0.0
,,,,,0.0
,,,,,0.0
,,,,,0.0
,,,,,0.0
,,,,,0.0
,,,,,0.0
,,,,,0.0
,,,,,0.0
,,,,,0.0
,,,,,0.0
,,,,,0.0
,,,,,0.0
,,,,,0.0
,,,,,0.0
,,,,,0.0
,,,,,0.0
,,,,,0.0
,,,,,0.0
,,,,,0.0
,,,,,0.0
,,,,,0.0
,,,,,0.0
,,,,,0.0
,,,,,0.0
,,,,,0.0
,,,,,0.0
,,,,,0.0
,,,,,0.0
,,,,,0.0
,,,,,0.0
,,,,,0.0
,,,,,0.0
,,,,,0.0
,,,,,0.0
,,,,,0.0
,,,,,0.0
,,,,,0.0
,,,,,0.0
,,,,,0.0
,,,,,0.0
,,,,,0.0
,,,,,0.0
,,,,,0.0
,,,,,0.0
,,,,,0.0
,,,,,0.0
,,,,,0.0
,,,,,0.0
,,,,,0.0
,,,,,0.0
,,,,,0.0
,,,,,0.0
,,,,,0.0
,,,,,0.0
,,,,,0.0
,,,,,0.0
,,,,,0.0
,,,,,0.0
,,,,,0.0
,,,,,0.0
,,,,,0.15911
,,,,,0.14589000000000002
,,,,,0.089488
,,,,,0.055384
,,,,,0.067915
,,,,,0.054479
,,,,,0.014457
,,,,,0.036384
,,,,,0.064957
,,,,,0.058945000000000004
,,,,,0.061361
,,,,,0.1217
,,,,,0.15574000000000002
,,,,,0.14132999999999998
,,,,,0.13496
,,,,,0.17545
,,,,,0.18412
,,,,,0.14045
,,,,,0.10989000000000002
,,,,,0.1256
,,,,,0.11323
,,,,,0.059477999999999996
,,,,,0.022374
,,,,,0.043963999999999996
,,,,,0.039431
,,,,,0.02198
,,,,,0.022546
,,,,,0.019224
,,,,,0.017772
,,,,,0.022300999999999998
,,,,,0.023419
,,,,,0.019069
,,,,,0.019322
,,,,,0.02553
,,,,,0.023702
,,,,,0.016972
,,,,,0.020534999999999998
,,,,,0.027395
,,,,,0.02474
,,,,,0.015773
,,,,,0.020519
,,,,,0.027476
,,,,,0.023669
,,,,,0.016329
,,,,,0.019941999999999998
,,,,,0.02305
,,,,,0.019647
,,,,,0.017541
,,,,,0.019926
,,,,,0.020044
,,,,,0.018081
,,,,,0.016372
,,,,,0.017700999999999998
,,,,,0.0192
,,,,,0.01815
,,,,,0.014339
,,,,,0.015465999999999999
,,,,,0.016845
,,,,,0.013829
,,,,,0.013729
,,,,,0.013658000000000002
,,,,,0.01022
,,,,,0.010154999999999999
,,,,,0.011381
,,,,,0.008568899999999999
,,,,,0.0075175
,,,,,0.0098831
,,,,,0.0087825
,,,,,0.014856999999999999
,,,,,0.038993
,,,,,0.040563
,,,,,0.03411
,,,,,0.078212
,,,,,0.12144
,,,,,0.12203
,,,,,0.12336
,,,,,0.16560999999999998
,,,,,0.18573
,,,,,0.16533
,,,,,0.14236
,,,,,0.15007
,,,,,0.15036
,,,,,0.10727
,,,,,0.05268200000000001
,,,,,0.063458
,,,,,0.062721
,,,,,0.033043
,,,,,0.02636
,,,,,0.035149
,,,,,0.028573
,,,,,0.03487
,,,,,0.039851
,,,,,0.034996
,,,,,0.027042
,,,,,0.026879000000000004
,,,,,0.032320999999999996
,,,,,0.043075
,,,,,0.048923
,,,,,0.0315
,,,,,0.024911000000000003
,,,,,0.07360599999999999
,,,,,0.089209
,,,,,0.052568
,,,,,0.056198000000000005
,,,,,0.12763
,,,,,0.15259
,,,,,0.11684000000000001
,,,,,0.10167999999999999
,,,,,0.15700999999999998
,,,,,0.18458
,,,,,0.1515
,,,,,0.098365
,,,,,0.11395
,,,,,0.15714
,,,,,0.16339
,,,,,0.12838
,,,,,0.098006
,,,,,0.1308
,,,,,0.16359
,,,,,0.14459
,,,,,0.091228
,,,,,0.085673
,,,,,0.11964000000000001
,,,,,0.10972
,,,,,0.057109
,,,,,0.011851
,,,,,0.048658
,,,,,0.052285000000000005
,,,,,0.035872
,,,,,0.019383
,,,,,0.049087
,,,,,0.067334
,,,,,0.049500999999999996
,,,,,0.055241
,,,,,0.11613
,,,,,0.14107999999999998
,,,,,0.11717999999999999
,,,,,0.11433
,,,,,0.15734
,,,,,0.16279000000000002
,,,,,0.11297
,,,,,0.08826
,,,,,0.10805999999999999
,,,,,0.090391
,,,,,0.033977
,,,,,0.022516
,,,,,0.047772
,,,,,0.045418
,,,,,0.015647
,,,,,0.032361
,,,,,0.084449
,,,,,0.10869000000000001
,,,,,0.093723
,,,,,0.098208
,,,,,0.14882
,,,,,0.16777
,,,,,0.1338
,,,,,0.11657999999999999
,,,,,0.13757
,,,,,0.12539
,,,,,0.08053300000000001
,,,,,0.055399000000000004
,,,,,0.063337
,,,,,0.057576999999999996
,,,,,0.034279000000000004
,,,,,0.009073000000000001
,,,,,0.027208
,,,,,0.03764
,,,,,0.042875
,,,,,0.05531900000000001
,,,,,0.062024
,,,,,0.09517
,,,,,0.16482
,,,,,0.21406999999999998
,,,,,0.21429
,,,,,0.21681999999999998
,,,,,0.26488
,,,,,0.29425999999999997
,,,,,0.26337
,,,,,0.2143
,,,,,0.21120999999999998
,,,,,0.20247
,,,,,0.14396
,,,,,0.07721499999999999
,,,,,0.088198
,,,,,0.087917
,,,,,0.044994
,,,,,0.016225999999999997
,,,,,0.061759
,,,,,0.045099
,,,,,0.013219999999999999
,,,,,0.07005399999999999
,,,,,0.076075
,,,,,0.032998
,,,,,0.10265999999999999
,,,,,0.16329000000000002
,,,,,0.14371
,,,,,0.1124
,,,,,0.16584000000000002
,,,,,0.19633
,,,,,0.15425999999999998
,,,,,0.10385
,,,,,0.1193
,,,,,0.11385999999999999
,,,,,0.05985599999999999
,,,,,0.024815
,,,,,0.041851
,,,,,0.031011
,,,,,0.010171
,,,,,0.015743
,,,,,0.014919
,,,,,0.0084684
,,,,,0.0037777
,,,,,0.008387200000000001
,,,,,0.010332
,,,,,0.009132600000000001
,,,,,0.00747
,,,,,0.005541300000000001
,,,,,0.004626699999999999
,,,,,0.0084565
,,,,,0.014214
,,,,,0.014956
,,,,,0.0071625
,,,,,0.009497499999999999
,,,,,0.020838
,,,,,0.019065000000000002
,,,,,0.009146
,,,,,0.028024
,,,,,0.037139
,,,,,0.031976
,,,,,0.075128
,,,,,0.12636
,,,,,0.14849
,,,,,0.16265
,,,,,0.20931999999999998
,,,,,0.25874
,,,,,0.2602
,,,,,0.24247
,,,,,0.25484
,,,,,0.267
,,,,,0.22873000000000002
,,,,,0.17043
,,,,,0.15336
,,,,,0.14483
,,,,,0.1016
,,,,,0.041024
,,,,,0.040595
,,,,,0.052765
,,,,,0.035981
,,,,,0.035144
,,,,,0.051427999999999995
,,,,,0.036672
,,,,,0.028339
,,,,,0.10435
,,,,,0.142
,,,,,0.12226
,,,,,0.13345
,,,,,0.20342000000000002
,,,,,0.21746999999999997
,,,,,0.17259000000000002
,,,,,0.16373
,,,,,0.19099000000000002
,,,,,0.17368
,,,,,0.11404
,,,,,0.070458
,,,,,0.087723
,,,,,0.094151
,,,,,0.068271
,,,,,0.020909
,,,,,0.058415999999999996
,,,,,0.073602
,,,,,0.049737
,,,,,0.022327
,,,,,0.008333799999999999
,,,,,0.063774
,,,,,0.11640999999999999
,,,,,0.12293
,,,,,0.10970999999999999
,,,,,0.1438
,,,,,0.18052
,,,,,0.16824
,,,,,0.1267
,,,,,0.12485999999999998
,,,,,0.13994
,,,,,0.10196000000000001
,,,,,0.037406
,,,,,0.051542
,,,,,0.058070000000000004
,,,,,0.025636000000000003
,,,,,0.013272999999999998
,,,,,0.03789
,,,,,0.031935000000000005
,,,,,0.019533000000000002
,,,,,0.078024
,,,,,0.11297
,,,,,0.10554000000000001
,,,,,0.10890999999999999
,,,,,0.16958
,,,,,0.20165999999999998
,,,,,0.17413
,,,,,0.19235
,,,,,0.2459
,,,,,0.28153
,,,,,0.31711
,,,,,0.39505
,,,,,0.5123
,,,,,0.60092
,,,,,0.632
,,,,,0.6544800000000001
,,,,,0.69881
,,,,,0.69794
,,,,,0.60938
,,,,,0.52344
,,,,,0.48648
,,,,,0.40679
,,,,,0.26461
,,,,,0.16166
,,,,,0.14432
,,,,,0.10297
,,,,,0.030033999999999998
,,,,,0.0
,,,,,0.0
,,,,,0.0
,,,,,0.0
,,,,,0.0
,,,,,0.0
,,,,,0.0
,,,,,0.0
,,,,,0.0
,,,,,0.0
,,,,,0.0
,,,,,0.0
,,,,,0.0
,,,,,0.0
,,,,,0.0
,,,,,0.0
,,,,,0.0
,,,,,0.0
,,,,,0.0
,,,,,0.0
,,,,,0.0
,,,,,0.0
,,,,,0.0
,,,,,0.0
,,,,,0.0
,,,,,0.0
,,,,,0.0
,,,,,0.0
,,,,,0.0
,,,,,0.0
,,,,,0.0
,,,,,0.0
,,,,,0.0
,,,,,0.0
,,,,,0.0
,,,,,0.0
,,,,,0.0
,,,,,0.0
,,,,,0.0
,,,,,0.0
,,,,,0.0
,,,,,0.0
,,,,,0.0
,,,,,0.0
,,,,,0.0
,,,,,0.0
,,,,,0.0
,,,,,0.0
,,,,,0.0
,,,,,0.0
,,,,,0.0
,,,,,0.0
,,,,,0.0
,,,,,0.0
,,,,,0.0
,,,,,0.0
,,,,,0.0
,,,,,0.0
,,,,,0.0
,,,,,0.0
,,,,,0.0
,,,,,0.0
,,,,,0.0
,,,,,0.0
,,,,,0.0
,,,,,0.0
,,,,,0.0
,,,,,0.0
,,,,,0.0
,,,,,0.0
,,,,,0.0
,,,,,0.0
,,,,,0.0
,,,,,0.0
,,,,,0.0
,,,,,0.0
,,,,,0.0
,,,,,0.0
,,,,,0.0
,,,,,0.0
,,,,,0.0
,,,,,0.0
,,,,,0.0
,,,,,0.0
,,,,,0.0
,,,,,0.0
,,,,,0.0
,,,,,0.0
,,,,,0.0
,,,,,0.0
,,,,,0.0
,,,,,0.0
,,,,,0.0
,,,,,0.0
,,,,,0.0
,,,,,0.0
,,,,,0.0
,,,,,0.0
,,,,,0.0
,,,,,0.0
,,,,,0.0
,,,,,0.0
,,,,,0.0
,,,,,0.0
,,,,,0.0
,,,,,0.0
,,,,,0.0
,,,,,0.0
,,,,,0.0
,,,,,0.0
,,,,,0.0
,,,,,0.0
,,,,,0.0
,,,,,0.0
,,,,,0.0
,,,,,0.0
,,,,,0.0
,,,,,0.0
,,,,,0.0
,,,,,0.0
,,,,,0.0
,,,,,0.0
,,,,,0.0
,,,,,0.0
,,,,,0.0
,,,,,0.0
,,,,,0.0
,,,,,0.0
,,,,,0.0
,,,,,0.0
,,,,,0.0
,,,,,0.0
,,,,,0.0
,,,,,0.0
,,,,,0.0
,,,,,0.0
,,,,,0.0
,,,,,0.0
,,,,,0.0
,,,,,0.0
,,,,,0.0
,,,,,0.0
,,,,,0.0
,,,,,0.0
,,,,,0.0
,,,,,0.0
,,,,,0.0
,,,,,0.0
,,,,,0.0
,,,,,0.0
,,,,,0.0
,,,,,0.0
,,,,,0.0
,,,,,0.0
,,,,,0.0
,,,,,0.0
,,,,,0.0
,,,,,0.0
,,,,,0.0
,,,,,0.0
,,,,,0.0
,,,,,0.0
,,,,,0.0
,,,,,0.0
,,,,,0.0
,,,,,0.0
,,,,,0.0
,,,,,0.0
,,,,,0.0
,,,,,0.0
,,,,,0.0
,,,,,0.0
,,,,,0.0
,,,,,0.0
,,,,,0.0
,,,,,0.0
,,,,,0.0
,,,,,0.0
,,,,,0.0
,,,,,0.0
,,,,,0.0
,,,,,0.0
,,,,,0.0
,,,,,0.0
,,,,,0.0
,,,,,0.0
,,,,,0.0
,,,,,0.0
,,,,,0.0
,,,,,0.0
,,,,,0.0
,,,,,0.0
,,,,,0.0
,,,,,0.0
,,,,,0.0
,,,,,0.0
,,,,,0.0
,,,,,0.0
,,,,,0.0
,,,,,0.0
,,,,,0.0
,,,,,0.0
,,,,,0.0
,,,,,0.0
,,,,,0.0
,,,,,0.0
,,,,,0.0
,,,,,0.0
,,,,,0.0
,,,,,0.0
,,,,,0.0
,,,,,0.0
,,,,,0.0
,,,,,0.0
,,,,,0.0
,,,,,0.0
,,,,,0.0
,,,,,0.0
,,,,,0.0
,,,,,0.0
,,,,,0.0
,,,,,0.0
,,,,,0.0
,,,,,0.0
,,,,,0.0
,,,,,0.0
,,,,,0.0
,,,,,0.0
,,,,,0.0
,,,,,0.0
,,,,,0.0
,,,,,0.0
,,,,,0.0
,,,,,0.0
,,,,,0.0
,,,,,0.0
,,,,,0.0
,,,,,0.0
,,,,,0.0
,,,,,0.0
,,,,,0.0
,,,,,0.0
,,,,,0.0
,,,,,0.0
,,,,,0.0
,,,,,0.0
,,,,,0.0
,,,,,0.0
,,,,,0.0
,,,,,0.10629000000000001
,,,,,0.068691
,,,,,0.067746
,,,,,0.059910000000000005
,,,,,0.023212
,,,,,0.044912
,,,,,0.013217
,,,,,0.032029
,,,,,0.044315
,,,,,0.019989
,,,,,0.07245599999999999
,,,,,0.040107
,,,,,0.092453
,,,,,0.07423400000000001
,,,,,0.091902
,,,,,0.099289
,,,,,0.073448
,,,,,0.10167000000000001
,,,,,0.049065
,,,,,0.08085099999999999
,,,,,0.034683
,,,,,0.047802
,,,,,0.030679
,,,,,0.023303
,,,,,0.027085
,,,,,0.014344999999999998
,,,,,0.017419
,,,,,0.0079177
,,,,,0.020288999999999998
,,,,,0.0098949
,,,,,0.018215000000000002
,,,,,0.016586
,,,,,0.01084
,,,,,0.019485
,,,,,0.0062352
,,,,,0.018543
,,,,,0.006945000000000001
,,,,,0.014622
,,,,,0.009399600000000001
,,,,,0.012612
,,,,,0.01093
,,,,,0.011772
,,,,,0.012604
,,,,,0.0099475
,,,,,0.015402
,,,,,0.0097271
,,,,,0.018296
,,,,,0.012306999999999998
,,,,,0.016138999999999997
,,,,,0.017442
,,,,,0.012119
,,,,,0.021587000000000002
,,,,,0.010865999999999999
,,,,,0.023837999999999998
,,,,,0.013731
,,,,,0.020357
,,,,,0.019508
,,,,,0.017121
,,,,,0.021406
,,,,,0.015826
,,,,,0.019513
,,,,,0.020212
,,,,,0.015959
,,,,,0.024486
,,,,,0.019456
,,,,,0.024499
,,,,,0.027520999999999997
,,,,,0.019972999999999998
,,,,,0.032736
,,,,,0.031598
,,,,,0.023941
,,,,,0.042781
,,,,,0.039643
,,,,,0.053707000000000005
,,,,,0.080624
,,,,,0.059994000000000006
,,,,,0.1114
,,,,,0.06988899999999999
,,,,,0.11803
,,,,,0.079764
,,,,,0.09614400000000001
,,,,,0.081843
,,,,,0.054424
,,,,,0.06765399999999999
,,,,,0.011670999999999999
,,,,,0.043953
,,,,,0.017488999999999998
,,,,,0.025084
,,,,,0.028163
,,,,,0.024994
,,,,,0.026737999999999998
,,,,,0.026297000000000004
,,,,,0.026055000000000002
,,,,,0.026331
,,,,,0.028236
,,,,,0.019311000000000002
,,,,,0.025065999999999998
,,,,,0.014731000000000001
,,,,,0.021046000000000002
,,,,,0.017409
,,,,,0.021113999999999997
,,,,,0.028337
,,,,,0.022511
,,,,,0.023938
,,,,,0.022506
,,,,,0.015584
,,,,,0.033089
,,,,,0.015705
,,,,,0.04065
,,,,,0.021588999999999997
,,,,,0.031393
,,,,,0.030949
,,,,,0.022112
,,,,,0.036621
,,,,,0.012981999999999999
,,,,,0.04149
,,,,,0.008715899999999999
,,,,,0.04247
,,,,,0.019045
,,,,,0.038255000000000004
,,,,,0.026429
,,,,,0.026843000000000002
,,,,,0.021311
,,,,,0.021363999999999998
,,,,,0.023873
,,,,,0.026583999999999997
,,,,,0.03136
,,,,,0.024947
,,,,,0.027449
,,,,,0.021471
,,,,,0.025758999999999997
,,,,,0.038002
,,,,,0.019035
,,,,,0.067065
,,,,,0.029356
,,,,,0.086832
,,,,,0.062618
,,,,,0.087575
,,,,,0.084789
,,,,,0.07111
,,,,,0.088687
,,,,,0.042515
,,,,,0.072514
,,,,,0.020844
,,,,,0.042636
,,,,,0.022431
,,,,,0.017778
,,,,,0.033951
,,,,,0.0060792
,,,,,0.044021
,,,,,0.030318
,,,,,0.057468
,,,,,0.063068
,,,,,0.063701
,,,,,0.088939
,,,,,0.059586
,,,,,0.098672
,,,,,0.057638999999999996
,,,,,0.080852
,,,,,0.06205
,,,,,0.046766
,,,,,0.05170399999999999
,,,,,0.016141
,,,,,0.038364999999999996
,,,,,0.020082
,,,,,0.029856
,,,,,0.032337
,,,,,0.016748
,,,,,0.039181
,,,,,0.017325
,,,,,0.055969000000000005
,,,,,0.036925
,,,,,0.062459
,,,,,0.057573
,,,,,0.05839400000000001
,,,,,0.076519
,,,,,0.043657
,,,,,0.08479199999999999
,,,,,0.025162999999999998
,,,,,0.078024
,,,,,0.022905000000000002
,,,,,0.06794299999999999
,,,,,0.023073
,,,,,0.052851999999999996
,,,,,0.029764
,,,,,0.027159
,,,,,0.022154
,,,,,0.020669999999999997
,,,,,0.023038
,,,,,0.018129
,,,,,0.015228
,,,,,0.041193
,,,,,0.013046
,,,,,0.069006
,,,,,0.053140999999999994
,,,,,0.078963
,,,,,0.099449
,,,,,0.07432799999999999
,,,,,0.1151
,,,,,0.075761
,,,,,0.10454000000000001
,,,,,0.067714
,,,,,0.077989
,,,,,0.055052
,,,,,0.043308
,,,,,0.045433
,,,,,0.017693
,,,,,0.038431
,,,,,0.0207
,,,,,0.0256
,,,,,0.019740999999999998
,,,,,0.027944999999999998
,,,,,0.021121
,,,,,0.024353
,,,,,0.027880000000000002
,,,,,0.01872
,,,,,0.032987999999999996
,,,,,0.010101
,,,,,0.034237000000000004
,,,,,0.013104
,,,,,0.028736
,,,,,0.020965
,,,,,0.020556
,,,,,0.023843
,,,,,0.01296
,,,,,0.022678999999999998
,,,,,0.014761000000000002
,,,,,0.032581
,,,,,0.013711000000000001
,,,,,0.030639
,,,,,0.027239
,,,,,0.031855
,,,,,0.046439
,,,,,0.030632999999999997
,,,,,0.057911000000000004
,,,,,0.028142
,,,,,0.063586
,,,,,0.027572000000000003
,,,,,0.063637
,,,,,0.030193
,,,,,0.060443
,,,,,0.03402
,,,,,0.05166900000000001
,,,,,0.036393
,,,,,0.035999
,,,,,0.034681000000000003
,,,,,0.012859
,,,,,0.034412
,,,,,0.01014
,,,,,0.028395999999999998
,,,,,0.033943
,,,,,0.019538
,,,,,0.064166
,,,,,0.032103
,,,,,0.092945
,,,,,0.077042
,,,,,0.1056
,,,,,0.11492999999999999
,,,,,0.10159
,,,,,0.13119
,,,,,0.084506
,,,,,0.11657000000000001
,,,,,0.070199
,,,,,0.076401
,,,,,0.059973
,,,,,0.030992000000000002
,,,,,0.04995
,,,,,0.011095
,,,,,0.037758
,,,,,0.040781
,,,,,0.010951
,,,,,0.059984
,,,,,0.023099
,,,,,0.083101
,,,,,0.072152
,,,,,0.094609
,,,,,0.12114000000000001
,,,,,0.097211
,,,,,0.14687
,,,,,0.09539600000000001
,,,,,0.14105
,,,,,0.092666
,,,,,0.10525
,,,,,0.085742
,,,,,0.05442999999999999
,,,,,0.071346
,,,,,0.008471600000000001
,,,,,0.049206
,,,,,0.017033
,,,,,0.024558
,,,,,0.036875
,,,,,0.0039187
,,,,,0.058788
,,,,,0.031711
,,,,,0.075553
,,,,,0.073411
,,,,,0.077847
,,,,,0.10325999999999999
,,,,,0.069097
,,,,,0.11334000000000001
,,,,,0.09690900000000001
,,,,,0.08075
,,,,,0.13425
,,,,,0.14658
,,,,,0.20437
,,,,,0.26342
,,,,,0.29009
,,,,,0.35644000000000003
,,,,,0.34938
,,,,,0.39465
,,,,,0.35686
,,,,,0.35120999999999997
,,,,,0.31423
,,,,,0.25516
,,,,,0.2338
,,,,,0.13513
,,,,,0.13823
,,,,,0.049518
,,,,,0.063014
,,,,,0.02905
,,,,,0.0
,,,,,0.0
,,,,,0.0
,,,,,0.0
,,,,,0.0
,,,,,0.0
,,,,,0.0
,,,,,0.0
,,,,,0.0
,,,,,0.0
,,,,,0.0
,,,,,0.0
,,,,,0.0
,,,,,0.0
,,,,,0.0
,,,,,0.0
,,,,,0.0
,,,,,0.0
,,,,,0.0
,,,,,0.0
,,,,,0.0
,,,,,0.0
,,,,,0.0
,,,,,0.0
,,,,,0.0
,,,,,0.0
,,,,,0.0
,,,,,0.0
,,,,,0.0
,,,,,0.0
,,,,,0.0
,,,,,0.0
,,,,,0.0
,,,,,0.0
,,,,,0.0
,,,,,0.0
,,,,,0.0
,,,,,0.0
,,,,,0.0
,,,,,0.0
,,,,,0.0
,,,,,0.0
,,,,,0.0
,,,,,0.0
,,,,,0.0
,,,,,0.0
,,,,,0.0
,,,,,0.0
,,,,,0.0
,,,,,0.0
,,,,,0.0
,,,,,0.0
,,,,,0.0
,,,,,0.0
,,,,,0.0
,,,,,0.0
,,,,,0.0
,,,,,0.0
,,,,,0.0
,,,,,0.0
,,,,,0.0
,,,,,0.0
,,,,,0.0
,,,,,0.0
,,,,,0.0
,,,,,0.0
,,,,,0.0
,,,,,0.0
,,,,,0.0
,,,,,0.0
,,,,,0.0
,,,,,0.0
,,,,,0.0
,,,,,0.0
,,,,,0.0
,,,,,0.0
,,,,,0.0
,,,,,0.0
,,,,,0.0
,,,,,0.0
,,,,,0.0
,,,,,0.0
,,,,,0.0
,,,,,0.0
,,,,,0.0
,,,,,0.0
,,,,,0.0
,,,,,0.0
,,,,,0.0
,,,,,0.0
,,,,,0.0
,,,,,0.0
,,,,,0.0
,,,,,0.0
,,,,,0.0
,,,,,0.0
,,,,,0.0
,,,,,0.0
,,,,,0.0
,,,,,0.0
,,,,,0.0
,,,,,0.0
,,,,,0.0
,,,,,0.0
,,,,,0.0
,,,,,0.0
,,,,,0.0
,,,,,0.0
,,,,,0.0
,,,,,0.0
,,,,,0.0
,,,,,0.0
,,,,,0.0
,,,,,0.0
,,,,,0.0
,,,,,0.0
,,,,,0.0
,,,,,0.0
,,,,,0.0
,,,,,0.0
,,,,,0.0
,,,,,0.0
,,,,,0.0
,,,,,0.0
,,,,,0.0
,,,,,0.0
,,,,,0.0
,,,,,0.0
,,,,,0.0
,,,,,0.0
,,,,,0.0
,,,,,0.0
,,,,,0.0
,,,,,0.0
,,,,,0.0
,,,,,0.0
,,,,,0.0
,,,,,0.0
,,,,,0.0
,,,,,0.0
,,,,,0.0
,,,,,0.0
,,,,,0.0
,,,,,0.0
,,,,,0.0
,,,,,0.0
,,,,,0.0
,,,,,0.0
,,,,,0.0
,,,,,0.0
,,,,,0.0
,,,,,0.0
,,,,,0.0
,,,,,0.0
,,,,,0.0
,,,,,0.0
,,,,,0.0
,,,,,0.0
,,,,,0.0
,,,,,0.0
,,,,,0.0
,,,,,0.0
,,,,,0.0
,,,,,0.0
,,,,,0.0
,,,,,0.0
,,,,,0.0
,,,,,0.0
,,,,,0.0
,,,,,0.0
,,,,,0.0
,,,,,0.0
,,,,,0.0
,,,,,0.0
,,,,,0.0
,,,,,0.0
,,,,,0.0
,,,,,0.0
,,,,,0.0
,,,,,0.0
,,,,,0.0
,,,,,0.0
,,,,,0.0
,,,,,0.0
,,,,,0.0
,,,,,0.0
,,,,,0.0
,,,,,0.0
,,,,,0.0
,,,,,0.0
,,,,,0.0
,,,,,0.0
,,,,,0.0
,,,,,0.0
,,,,,0.0
,,,,,0.0
,,,,,0.0
,,,,,0.0
,,,,,0.0
,,,,,0.0
,,,,,0.0
,,,,,0.0
,,,,,0.0
,,,,,0.0
,,,,,0.0
,,,,,0.0
,,,,,0.0
,,,,,0.0
,,,,,0.0
,,,,,0.0
,,,,,0.0
,,,,,0.0
,,,,,0.0
,,,,,0.0
,,,,,0.0
,,,,,0.0
,,,,,0.0
,,,,,0.0
,,,,,0.0
,,,,,0.0
,,,,,0.0
,,,,,0.0
,,,,,0.0
,,,,,0.0
,,,,,0.0
,,,,,0.0
,,,,,0.0
,,,,,0.0
,,,,,0.0
,,,,,0.0
,,,,,0.0
,,,,,0.0
,,,,,0.0
,,,,,0.0
,,,,,0.0
,,,,,0.0
,,,,,0.0
,,,,,0.0
,,,,,0.0
,,,,,0.0
,,,,,0.0
,,,,,0.0
,,,,,0.0
,,,,,0.0
,,,,,0.0
,,,,,0.0
,,,,,0.0
,,,,,0.0
,,,,,0.0
